
Fref	Fvco	Speed		Register	TimeOut
12.5	800		100.0000	0F86		40
25.0	800		100.0000	0783		40
12.5	825		103.1250	1006		38
12.5	850		106.2500	1086		37
25.0	850		106.2500	0803		37
12.5	875		109.3750	1106		36
12.5	900		112.5000	1186		35
25.0	900		112.5000	0883		35
12.5	925		115.6250	1206		34
12.5	950		118.7500	1286		33
25.0	950		118.7500 	0903		33
12.5	975		121.8750	1306		32
12.5	1000	125.0000	1386		32
25.0	1000	125.0000	0983		32
12.5	1025	128.1250	1406		31
12.5	1050	131.2500	1486		30
25.0	1050	131.2500	0A03		30
12.5	1075	134.3750	1506		29
12.5	1100	137.5000	1586		29
25.0	1100	137.5000	0A83		29
12.5	1125	140.6250	1606		28
12.5	1150	143.7500	1686		27
25.0	1150	143.7500	0B03		27
12.5	1175	146.8750	1706		27
12.5	1200	150.0000	1786		26
25.0	1200	150.0000	0B83		26
12.5	1225	153.1250	1806		26
12.5	1250	156.2500	1886		25
25.0	1250	156.2500	0C03		25
12.5	1275	159.3750	1906		25
12.5	1300	162.5000	1986		24
25.0	1300	162.5000	0C83		24
12.5	1325	165.6250	1A06		24
12.5	1350	168.7500 	1A86		23
25.0	1350	168.7500	0D03		23
12.5	1375	171.8750	1B06		23
12.5   1400      175.0000         1   B   8   6      22
25.0   1400      175.0000         0   D   8   3      22
12.5   1425      178.1250         1   C   0   6      22
12.5   1450      181.2500         1   C   8   6      22
25.0   1450      181.2500         0   E   0   3      22
12.5   1475      184.3750         1   D   0   6      21
12.5   1500      187.5000         1   D   8   6      21
25.0   1500      187.5000         0   E   8   3      21
12.5   1525      190.6250         1   E   0   6      20
12.5   1550      193.7500         1   E   8   6      20
25.0   1550      193.7500         0   F   0   3      20
12.5   1575      196.8750         1   F   0   6      20
12.5   800      200.0000         0   F   8   4      20
25.0   800      200.0000         0   7   8   2      20
12.5   1600      200.0000         1   F   8   6      20
25.0   1600      200.0000         0   F   8   3      20
12.5   825      206.2500         1   0   0   4      19
25.0   1650      206.2500         5   0   0   3      19
12.5   850      212.5000         1   0   8   4      18
25.0   850      212.5000         0   8   0   2      18
25.0   1700      212.5000         5   0   8   3      18
12.5   875      218.7500         1   1   0   4      18
25.0   1750      218.7500         5   1   0   3      18
12.5   900      225.0000         1   1   8   4      17
25.0   900      225.0000         0   8   8   2      17
25.0   1800      225.0000         5   1   8   3      17
12.5   925      231.2500         1   2   0   4      17
25.0   1850      231.2500         5   2   0   3      17
12.5   950      237.5000         1   2   8   4      16
25.0   950      237.5000         0   9   0   2      16
25.0   1900      237.5000         5   2   8   3      16
12.5   975      243.7500         1   3   0   4      16
25.0   1950      243.7500         5   3   0   3      16
12.5   1000      250.0000         1   3   8   4      16
25.0   1000      250.0000         0   9   8   2      16
25.0   2000      250.0000         5   3   8   3      16
12.5   1025      256.2500         1   4   0   4      15
25.0   2050      256.2500         5   4   0   3      15
12.5   1050      262.5000         1   4   8   4      15
25.0   1050      262.5000         0   A   0   2      15
25.0   2100      262.5000         5   4   8   3      15
12.5   1075      268.7500         1   5   0   4      14
25.0   2150      268.7500         5   5   0   3      14
12.5   1100      275.0000         1   5   8   4      14
25.0   1100      275.0000         0   A   8   2      14
25.0   2200      275.0000         5   5   8   3      14
12.5   1125      281.2500         1   6   0   4      14
25.0   2250      281.2500         5   6   0   3      14
12.5   1150      287.5000         1   6   8   4      13
25.0   1150      287.5000         0   B   0   2      13
25.0   2300      287.5000         5   6   8   3      13
12.5   1175      293.7500         1   7   0   4      13
25.0   2350      293.7500         5   7   0   3      13
12.5   1200      300.0000         1   7   8   4      13
25.0   1200      300.0000         0   B   8   2      13
25.0   2400      300.0000         5   7   8   3      13
12.5   1225      306.2500         1   8   0   4      13
25.0   2450      306.2500         5   8   0   3      13
12.5   1250      312.5000         1   8   8   4      12
25.0   1250      312.5000         0   C   0   2      12
25.0   2500      312.5000         5   8   8   3      12
12.5   1275      318.7500         1   9   0   4      12
25.0   2550      318.7500         5   9   0   3      12
12.5   1300      325.0000         1   9   8   4      12
25.0   1300      325.0000         0   C   8   2      12
25.0   2600      325.0000         5   9   8   3      12
12.5   1325      331.2500         1   A   0   4      12
25.0   2650      331.2500         5   A   0   3      12
12.5   1350      337.5000         1   A   8   4      11
25.0   1350      337.5000         0   D   0   2      11
25.0   2700      337.5000         5   A   8   3      11
12.5   1375      343.7500         1   B   0   4      11
25.0   2750      343.7500         5   B   0   3      11
12.5   1400      350.0000         1   B   8   4      11
25.0   1400      350.0000         0   D   8   2      11
25.0   2800      350.0000         5   B   8   3      11
12.5   1425      356.2500         1   C   0   4      11
25.0   2850      356.2500         5   C   0   3      11
12.5   1450      362.5000         1   C   8   4      11
25.0   1450      362.5000         0   E   0   2      11
25.0   2900      362.5000         5   C   8   3      11
12.5   1475      368.7500         1   D   0   4      10
25.0   2950      368.7500         5   D   0   3      10
12.5   1500      375.0000         1   D   8   4      10
25.0   1500      375.0000         0   E   8   2      10
25.0   3000      375.0000         5   D   8   3      10
12.5   1525      381.2500         1   E   0   4      10
12.5   1550      387.5000         1   E   8   4      10
25.0   1550      387.5000         0   F   0   2      10
12.5   1575      393.7500         1   F   0   4      10
12.5   800      400.0000         0   F   8   2      10
25.0   800      400.0000         0   7   8   1      10
12.5   1600      400.0000         1   F   8   4      10
25.0   1600      400.0000         0   F   8   2      10
